#Element number, epsilon_hat_asr_free, kappa_asr_free 
  0          0.00125              5e-6 
  1          0.00125              5e-6 
  2          0.00125              5e-6 
  3          0.00125              5e-6 
  4          0.00125              5e-6 
  5          0.00125              5e-6 
  6          0.00125              5e-6 
  7          0.00125              5e-6 
  8          0.00125              5e-6 
  9          0.00125              5e-6 
 10          0.00125              5e-6 
 11          0.00125              5e-6 
 12          0.00125              5e-6 
 13          0.00125              5e-6 
 14          0.00125              5e-6 
 15          0.00125              5e-6 
 16          0.00125              5e-6 
 17          0.00125              5e-6 
 18          0.00125              5e-6 
 19          0.00125              5e-6 